0.3000 0.8000
0.1950 1.1848
0.3926 0.6782
0.2791 0.8569
0.3018 0.8245
0.1211 1.3866
0.3142 0.7922
0.3153 0.8410
0.5394 0.5222
0.5024 0.6676
0.2892 0.8290
0.3392 0.8265
0.1492 1.3218
0.3453 0.7538
0.2701 0.8856
0.3822 0.6214
0.2944 0.8552
0.3277 0.7874
0.3429 0.7936
0.4042 0.7237
0.2111 0.9801
0.3549 0.7627
0.1275 1.4627
0.5703 0.5878
0.2996 0.6911
0.3844 0.7257
0.2497 0.8774
0.5144 0.5873
0.3571 0.6971
0.3361 0.8899
0.2000 1.0951
0.2224 1.0698
0.4408 0.6326
0.3309 0.6740
0.1420 1.2513
0.2414 0.8130
0.1649 1.1551
0.2216 0.8748
0.4517 0.6801
0.4342 0.7209
0.2495 1.0316
0.2543 0.9004
0.2317 0.8971
0.1208 1.2147
0.2141 1.0195
0.1920 0.9171
0.1652 1.2169
0.1618 1.0699
0.2903 0.7341
0.1818 1.1192
0.2447 0.8491
0.4205 0.6762
0.4100 0.6348
0.3699 0.8184
0.2819 0.9587
0.2104 0.9254
0.3733 0.7656
0.2461 0.9382
0.1432 1.1694
0.2562 0.9517
0.3798 0.7089
0.3173 0.8764
0.2232 0.9344
0.3620 0.6690
0.1773 1.0900
0.3183 0.8148
0.2038 0.8490
0.2776 0.7998
0.3860 0.7746
0.1763 0.9939
0.2589 0.8436
0.2756 0.9004
0.1806 1.0511
0.2030 1.0219
0.1213 1.3039
0.4648 0.5746
0.2391 0.9731
0.2889 0.8980
0.3521 0.7285
0.2621 0.9615
0.2277 0.9586
0.3037 0.7763
0.0913 1.3068
0.2414 0.9108
0.1588 0.9376
0.2698 0.7876
0.1977 0.9798
0.2199 1.0362
0.3068 0.7524
0.6190 0.5084
0.2739 0.8390
0.3238 0.7651
0.2652 0.8655
0.3172 0.7216
0.4768 0.6408
0.4231 0.7633
0.3328 0.7359
0.2608 0.7479
0.1447 1.0581
0.2825 0.8139
0.4290 0.5687
