1.674167999999999837e-02
5.061739999999999989e-02
8.504610999999999421e-02
1.200646600000000036e-01
1.557117500000000099e-01
1.920280299999999885e-01
2.290562200000000048e-01
2.668412399999999796e-01
3.054303600000000118e-01
3.448733199999999832e-01
3.852225100000000180e-01
4.265331399999999773e-01
4.688634199999999752e-01
5.122747800000000407e-01
5.568320900000000018e-01
6.026038900000000309e-01
6.496626599999999474e-01
6.980851300000000537e-01
7.479525599999999885e-01
7.993510900000000419e-01
8.523721199999999554e-01
9.071127300000000337e-01
9.636760800000000460e-01
1.022171960000000102e+00
1.082717259999999904e+00
1.145436600000000027e+00
1.210462960000000088e+00
1.277938379999999929e+00
1.348014720000000111e+00
1.420854580000000089e+00
1.496632140000000000e+00
1.575534329999999983e+00
1.657761870000000082e+00
1.743530620000000031e+00
1.833072969999999913e+00
1.926639430000000042e+00
2.024500380000000099e+00
2.126948019999999939e+00
2.234298569999999984e+00
2.346894719999999879e+00
2.465108340000000009e+00
2.589343589999999917e+00
2.720040389999999864e+00
2.857678260000000137e+00
3.002780839999999785e+00
3.155920759999999881e+00
3.317725409999999986e+00
3.488883330000000171e+00
3.670151559999999868e+00
3.862364059999999988e+00
4.066441310000000087e+00
4.283401399999999803e+00
4.514372739999999773e+00
